Ι( 39 )
4 Non 0010110100 ³

{ 20 nm· Lunum. 1010121020. luemus.
'Mtomxvmon

4 “⁸-
Ξ n. 111 1. n. 11. 1. n. 11. a.
81121. ’

1070211778. 6051 021015 0 77 750
anni, ..1 6112 02061550 76 90

Ιῡίαἰπῖἑὲ.. 1. 6148501178 5 0 715457
xjniliet1779 .. 6152 017915 0 721840
57οῙΙΞΞ7Ῑ79.. 6558 0184 6 0 741245
5ὶιὶ11ἕὲοιι779 185 5 0 746910

2110811779... 64 5 018625 0 76 750
&cmlxx-1778· 6420 019245 0 765615
1 septembre... 64 21 019555 0 76 5820
1110888889. .. 64 25 20 18657 0 76 5 0
151091005101778. 6455 ο 194 55 0 7625 0
V 5101188886.. ζ 64 55 018959 0 764050
51 juillet ¹779· .. 65 9 0187 2 0 7617 0
1100611778. 6650 0188180 771050
2εερῐὸἓιοί1ιτο. . . 6650 ο 18655 0 771550

1500811778... 66525018952 0 76 7 0

2871111101 ¹779· .. 67 82018654 0 7
277011888879. .. 6750 018612 0 781520
107111166808779. .. 68 1 018550 0 78500 ’
9juillet... . . . 69 1215 185 40 0 79 0 ο

- 8701608818... .. 6925 019155 0 80 545
1571111ῑοῖ ..... 6926 018550 ο 80 520 ’

611

480

 

