w

ἡ*

 

Nom 010 vonum
10111011 1011001141Ἴ1011011111101 1110111411.

” 011011111111011.
m* ’
11. 111 <1. n· 11. s. 0. M. 1.

00011.
4111111980... 5505 0 0050 0 4959
Εο1101110.’
5505 0 6155 0 6055 ο
5550 0 69500 6050 0
11111101Β1995. ·. ·. 5546 0 0141 0 4650 0
- nm.
Ι1 6111199980... 5548 0 1915 0 50, 945.
. on· ·-
’ 6111111980... 55490 19 8 0 45590
Ecum.
5600 0 45110 6106 0
5659 0 59400 66110
5644 059110 5900 0
56440501405400
56450 55000 6049 0
56 50 0 65 50 0 60 50 0 “
565 0056050500
59 4 0 0514 0 5000 0

5600 (9195151996 58 54 0 01 5 0 5155 0

¹ 6600010510 199 59 6 0 01 7 0 4950 0
16 90116615ῦῖ1 »a 4419 010550 o 715415
14 9111661051 . .1 4919 011149ἶ 0 695 01 o.

. 15 5001511611ΑοΙ 1996 49 40 Ι0 4115 0 611415 ’
19 1100001510.. .49 40 ο 50 55 0 66 54 0
15 9101101999 50 011115 0 951015
950 011115 0 950045

qjmionm 40···0·44·· 6064·

’ Β11111.

 

